 FILE: oscar001.1

 *** Replace this line with a message to appear on all output files.


        T          P_O_BO[1]      P_O_BO[2]      P_O_BO[3]      N_B[1,1]       N_B[1,2]       N_B[1,3]       N_B[2,1]       N_B[2,2]       N_B[2,3]       N_B[3,1]       N_B[3,2]       N_B[3,3]
     (UNITS)        (UNITS)        (UNITS)        (UNITS)        (UNITS)        (UNITS)        (UNITS)        (UNITS)        (UNITS)        (UNITS)        (UNITS)        (UNITS)        (UNITS)

  0.000000E+000  0.000000E+000  0.000000E+000  0.000000E+000  1.000000E+000  0.000000E+000  0.000000E+000  0.000000E+000 -1.000000E+000  0.000000E+000  0.000000E+000  0.000000E+000 -1.000000E+000
  1.000000E-001  0.000000E+000  0.000000E+000  0.000000E+000  1.000000E+000  4.615716E-006  6.935996E-007  4.608549E-006 -9.999500E-001  9.999884E-003  7.397216E-007 -9.999884E-003 -9.999500E-001
  2.000000E-001  0.000000E+000  0.000000E+000  0.000000E+000  1.000000E+000  1.847220E-005  2.764969E-006  1.841320E-005 -9.998000E-001  1.999887E-002  3.133839E-006 -1.999887E-002 -9.998000E-001
  3.000000E-001  0.000000E+000  0.000000E+000  0.000000E+000  1.000000E+000  4.158339E-005  6.199868E-006  4.137870E-005 -9.995500E-001  2.999595E-002  7.444411E-006 -2.999595E-002 -9.995500E-001
  4.000000E-001  0.000000E+000  0.000000E+000  0.000000E+000  1.000000E+000  7.396317E-005  1.098392E-005  7.346476E-005 -9.992001E-001  3.999013E-002  1.393294E-005 -3.999013E-002 -9.992001E-001
  5.000000E-001  0.000000E+000  0.000000E+000  0.000000E+000  1.000000E+000  1.156254E-004  1.710264E-005  1.146261E-004 -9.987502E-001  4.998040E-002  2.286027E-005 -4.998040E-002 -9.987502E-001
  6.000000E-001  0.000000E+000  0.000000E+000  0.000000E+000  1.000000E+000  1.665837E-004  2.454140E-005  1.648123E-004 -9.982004E-001  5.996576E-002  3.448655E-005 -5.996576E-002 -9.982004E-001
  7.000000E-001  0.000000E+000  0.000000E+000  0.000000E+000  1.000000E+000  2.268519E-004  3.328544E-005  2.239681E-004 -9.975508E-001  6.994521E-002  4.907112E-005 -6.994520E-002 -9.975508E-001
  8.000000E-001  0.000000E+000  0.000000E+000  0.000000E+000  1.000000E+000  2.964435E-004  4.331990E-005  2.920333E-004 -9.968014E-001  7.991776E-002  6.687243E-005 -7.991774E-002 -9.968015E-001
  9.000000E-001  0.000000E+000  0.000000E+000  0.000000E+000  9.999999E-001  3.753720E-004  5.462978E-005  3.689424E-004 -9.959523E-001  8.988239E-002  8.814799E-005 -8.988236E-002 -9.959524E-001
  1.000000E+000  0.000000E+000  0.000000E+000  0.000000E+000  9.999999E-001  4.636510E-004  6.719998E-005  4.546253E-004 -9.950036E-001  9.983812E-002  1.131543E-004 -9.983807E-002 -9.950037E-001
