 FILE: oscar001.1

 *** oscar001.5

        T          P_O_BO[1]      P_O_BO[2]      P_O_BO[3]      N_B[1,1]       N_B[1,2]       N_B[1,3]       N_B[2,1]       N_B[2,2]       N_B[2,3]       N_B[3,1]       N_B[3,2]       N_B[3,3]
     (UNITS)        (UNITS)        (UNITS)        (UNITS)        (UNITS)        (UNITS)        (UNITS)        (UNITS)        (UNITS)        (UNITS)        (UNITS)        (UNITS)        (UNITS)

  0.000000E+000  0.000000E+000  0.000000E+000  0.000000E+000  6.243441E-001 -5.494633E-001  5.552337E-001 -5.238509E-002 -7.386417E-001 -6.720597E-001  7.793909E-001  3.905105E-001 -4.899503E-001
  1.000000E-004  0.000000E+000  0.000000E+000  0.000000E+000  6.242579E-001 -5.495208E-001  5.552738E-001 -5.226017E-002 -7.385618E-001 -6.721572E-001  7.794684E-001  3.905807E-001 -4.897711E-001
  2.000000E-004  0.000000E+000  0.000000E+000  0.000000E+000  6.241717E-001 -5.495783E-001  5.553138E-001 -5.213524E-002 -7.384819E-001 -6.722547E-001  7.795457E-001  3.906509E-001 -4.895919E-001
  3.000000E-004  0.000000E+000  0.000000E+000  0.000000E+000  6.240855E-001 -5.496358E-001  5.553537E-001 -5.201029E-002 -7.384020E-001 -6.723521E-001  7.796231E-001  3.907211E-001 -4.894127E-001
  4.000000E-004  0.000000E+000  0.000000E+000  0.000000E+000  6.239994E-001 -5.496932E-001  5.553937E-001 -5.188532E-002 -7.383221E-001 -6.724496E-001  7.797004E-001  3.907913E-001 -4.892335E-001
  5.000000E-004  0.000000E+000  0.000000E+000  0.000000E+000  6.239132E-001 -5.497508E-001  5.554336E-001 -5.176033E-002 -7.382421E-001 -6.725470E-001  7.797777E-001  3.908615E-001 -4.890543E-001
  6.000000E-004  0.000000E+000  0.000000E+000  0.000000E+000  6.238270E-001 -5.498083E-001  5.554734E-001 -5.163533E-002 -7.381621E-001 -6.726444E-001  7.798549E-001  3.909317E-001 -4.888750E-001
  7.000000E-004  0.000000E+000  0.000000E+000  0.000000E+000  6.237409E-001 -5.498658E-001  5.555133E-001 -5.151031E-002 -7.380821E-001 -6.727418E-001  7.799321E-001  3.910019E-001 -4.886957E-001
  8.000000E-004  0.000000E+000  0.000000E+000  0.000000E+000  6.236547E-001 -5.499233E-001  5.555530E-001 -5.138527E-002 -7.380020E-001 -6.728392E-001  7.800092E-001  3.910721E-001 -4.885164E-001
  9.000000E-004  0.000000E+000  0.000000E+000  0.000000E+000  6.235686E-001 -5.499808E-001  5.555928E-001 -5.126022E-002 -7.379220E-001 -6.729365E-001  7.800863E-001  3.911423E-001 -4.883371E-001
  1.000000E-003  0.000000E+000  0.000000E+000  0.000000E+000  6.234824E-001 -5.500383E-001  5.556325E-001 -5.113515E-002 -7.378419E-001 -6.730338E-001  7.801633E-001  3.912124E-001 -4.881578E-001
  1.100000E-003  0.000000E+000  0.000000E+000  0.000000E+000  6.233963E-001 -5.500959E-001  5.556722E-001 -5.101006E-002 -7.377618E-001 -6.731311E-001  7.802404E-001  3.912826E-001 -4.879784E-001
  1.200000E-003  0.000000E+000  0.000000E+000  0.000000E+000  6.233102E-001 -5.501534E-001  5.557118E-001 -5.088496E-002 -7.376816E-001 -6.732284E-001  7.803173E-001  3.913528E-001 -4.877990E-001
  1.300000E-003  0.000000E+000  0.000000E+000  0.000000E+000  6.232241E-001 -5.502110E-001  5.557514E-001 -5.075984E-002 -7.376015E-001 -6.733257E-001  7.803942E-001  3.914229E-001 -4.876196E-001
  1.400000E-003  0.000000E+000  0.000000E+000  0.000000E+000  6.231380E-001 -5.502685E-001  5.557910E-001 -5.063470E-002 -7.375213E-001 -6.734229E-001  7.804711E-001  3.914931E-001 -4.874402E-001
  1.500000E-003  0.000000E+000  0.000000E+000  0.000000E+000  6.230519E-001 -5.503261E-001  5.558305E-001 -5.050955E-002 -7.374411E-001 -6.735201E-001  7.805480E-001  3.915633E-001 -4.872608E-001
  1.600000E-003  0.000000E+000  0.000000E+000  0.000000E+000  6.229658E-001 -5.503837E-001  5.558700E-001 -5.038438E-002 -7.373609E-001 -6.736173E-001  7.806247E-001  3.916334E-001 -4.870814E-001
  1.700000E-003  0.000000E+000  0.000000E+000  0.000000E+000  6.228797E-001 -5.504412E-001  5.559094E-001 -5.025920E-002 -7.372807E-001 -6.737145E-001  7.807015E-001  3.917036E-001 -4.869019E-001
  1.800000E-003  0.000000E+000  0.000000E+000  0.000000E+000  6.227937E-001 -5.504988E-001  5.559488E-001 -5.013399E-002 -7.372004E-001 -6.738117E-001  7.807782E-001  3.917737E-001 -4.867224E-001
  1.900000E-003  0.000000E+000  0.000000E+000  0.000000E+000  6.227076E-001 -5.505564E-001  5.559882E-001 -5.000878E-002 -7.371201E-001 -6.739088E-001  7.808549E-001  3.918439E-001 -4.865430E-001
  2.000000E-003  0.000000E+000  0.000000E+000  0.000000E+000  6.226216E-001 -5.506140E-001  5.560275E-001 -4.988354E-002 -7.370398E-001 -6.740059E-001  7.809315E-001  3.919140E-001 -4.863635E-001
  2.100000E-003  0.000000E+000  0.000000E+000  0.000000E+000  6.225355E-001 -5.506716E-001  5.560668E-001 -4.975829E-002 -7.369594E-001 -6.741030E-001  7.810081E-001  3.919842E-001 -4.861839E-001
  2.200000E-003  0.000000E+000  0.000000E+000  0.000000E+000  6.224495E-001 -5.507292E-001  5.561061E-001 -4.963302E-002 -7.368791E-001 -6.742001E-001  7.810846E-001  3.920543E-001 -4.860044E-001
  2.300000E-003  0.000000E+000  0.000000E+000  0.000000E+000  6.223635E-001 -5.507868E-001  5.561453E-001 -4.950773E-002 -7.367987E-001 -6.742971E-001  7.811611E-001  3.921244E-001 -4.858248E-001
  2.400000E-003  0.000000E+000  0.000000E+000  0.000000E+000  6.222775E-001 -5.508444E-001  5.561845E-001 -4.938243E-002 -7.367183E-001 -6.743942E-001  7.812376E-001  3.921946E-001 -4.856452E-001
  2.500000E-003  0.000000E+000  0.000000E+000  0.000000E+000  6.221915E-001 -5.509020E-001  5.562236E-001 -4.925712E-002 -7.366379E-001 -6.744912E-001  7.813140E-001  3.922647E-001 -4.854656E-001
  2.600000E-003  0.000000E+000  0.000000E+000  0.000000E+000  6.221055E-001 -5.509597E-001  5.562627E-001 -4.913178E-002 -7.365574E-001 -6.745882E-001  7.813903E-001  3.923348E-001 -4.852860E-001
  2.700000E-003  0.000000E+000  0.000000E+000  0.000000E+000  6.220195E-001 -5.510173E-001  5.563018E-001 -4.900643E-002 -7.364770E-001 -6.746852E-001  7.814667E-001  3.924049E-001 -4.851064E-001
  2.800000E-003  0.000000E+000  0.000000E+000  0.000000E+000  6.219335E-001 -5.510749E-001  5.563409E-001 -4.888107E-002 -7.363965E-001 -6.747821E-001  7.815429E-001  3.924751E-001 -4.849268E-001
  2.900000E-003  0.000000E+000  0.000000E+000  0.000000E+000  6.218475E-001 -5.511326E-001  5.563799E-001 -4.875568E-002 -7.363159E-001 -6.748790E-001  7.816192E-001  3.925452E-001 -4.847471E-001
  3.000000E-003  0.000000E+000  0.000000E+000  0.000000E+000  6.217616E-001 -5.511902E-001  5.564188E-001 -4.863028E-002 -7.362354E-001 -6.749759E-001  7.816954E-001  3.926153E-001 -4.845674E-001
  3.100000E-003  0.000000E+000  0.000000E+000  0.000000E+000  6.216756E-001 -5.512479E-001  5.564577E-001 -4.850487E-002 -7.361548E-001 -6.750728E-001  7.817715E-001  3.926854E-001 -4.843877E-001
  3.200000E-003  0.000000E+000  0.000000E+000  0.000000E+000  6.215897E-001 -5.513055E-001  5.564966E-001 -4.837944E-002 -7.360743E-001 -6.751697E-001  7.818476E-001  3.927555E-001 -4.842080E-001
  3.300000E-003  0.000000E+000  0.000000E+000  0.000000E+000  6.215037E-001 -5.513632E-001  5.565355E-001 -4.825399E-002 -7.359936E-001 -6.752665E-001  7.819237E-001  3.928256E-001 -4.840283E-001
  3.400000E-003  0.000000E+000  0.000000E+000  0.000000E+000  6.214178E-001 -5.514209E-001  5.565743E-001 -4.812853E-002 -7.359130E-001 -6.753634E-001  7.819997E-001  3.928957E-001 -4.838485E-001
  3.500000E-003  0.000000E+000  0.000000E+000  0.000000E+000  6.213319E-001 -5.514786E-001  5.566131E-001 -4.800305E-002 -7.358324E-001 -6.754602E-001  7.820757E-001  3.929658E-001 -4.836688E-001
  3.600000E-003  0.000000E+000  0.000000E+000  0.000000E+000  6.212460E-001 -5.515363E-001  5.566518E-001 -4.787755E-002 -7.357517E-001 -6.755570E-001  7.821516E-001  3.930359E-001 -4.834890E-001
  3.700000E-003  0.000000E+000  0.000000E+000  0.000000E+000  6.211601E-001 -5.515939E-001  5.566905E-001 -4.775204E-002 -7.356710E-001 -6.756537E-001  7.822275E-001  3.931060E-001 -4.833092E-001
  3.800000E-003  0.000000E+000  0.000000E+000  0.000000E+000  6.210742E-001 -5.516516E-001  5.567292E-001 -4.762651E-002 -7.355903E-001 -6.757505E-001  7.823034E-001  3.931761E-001 -4.831293E-001
  3.900000E-003  0.000000E+000  0.000000E+000  0.000000E+000  6.209883E-001 -5.517093E-001  5.567678E-001 -4.750096E-002 -7.355095E-001 -6.758472E-001  7.823792E-001  3.932462E-001 -4.829495E-001
  4.000000E-003  0.000000E+000  0.000000E+000  0.000000E+000  6.209024E-001 -5.517671E-001  5.568064E-001 -4.737540E-002 -7.354287E-001 -6.759439E-001  7.824550E-001  3.933163E-001 -4.827697E-001
  4.100000E-003  0.000000E+000  0.000000E+000  0.000000E+000  6.208165E-001 -5.518248E-001  5.568449E-001 -4.724983E-002 -7.353480E-001 -6.760406E-001  7.825307E-001  3.933863E-001 -4.825898E-001
  4.200000E-003  0.000000E+000  0.000000E+000  0.000000E+000  6.207307E-001 -5.518825E-001  5.568834E-001 -4.712424E-002 -7.352671E-001 -6.761372E-001  7.826064E-001  3.934564E-001 -4.824099E-001
  4.300000E-003  0.000000E+000  0.000000E+000  0.000000E+000  6.206448E-001 -5.519402E-001  5.569219E-001 -4.699863E-002 -7.351863E-001 -6.762339E-001  7.826820E-001  3.935265E-001 -4.822300E-001
  4.400000E-003  0.000000E+000  0.000000E+000  0.000000E+000  6.205590E-001 -5.519980E-001  5.569603E-001 -4.687300E-002 -7.351054E-001 -6.763305E-001  7.827576E-001  3.935965E-001 -4.820501E-001
  4.500000E-003  0.000000E+000  0.000000E+000  0.000000E+000  6.204731E-001 -5.520557E-001  5.569987E-001 -4.674736E-002 -7.350246E-001 -6.764271E-001  7.828332E-001  3.936666E-001 -4.818701E-001
  4.600000E-003  0.000000E+000  0.000000E+000  0.000000E+000  6.203873E-001 -5.521135E-001  5.570371E-001 -4.662171E-002 -7.349436E-001 -6.765237E-001  7.829087E-001  3.937367E-001 -4.816902E-001
  4.700000E-003  0.000000E+000  0.000000E+000  0.000000E+000  6.203015E-001 -5.521712E-001  5.570754E-001 -4.649603E-002 -7.348627E-001 -6.766202E-001  7.829842E-001  3.938067E-001 -4.815102E-001
  4.800000E-003  0.000000E+000  0.000000E+000  0.000000E+000  6.202157E-001 -5.522290E-001  5.571137E-001 -4.637034E-002 -7.347818E-001 -6.767167E-001  7.830596E-001  3.938768E-001 -4.813302E-001
  4.900000E-003  0.000000E+000  0.000000E+000  0.000000E+000  6.201299E-001 -5.522867E-001  5.571520E-001 -4.624464E-002 -7.347008E-001 -6.768133E-001  7.831350E-001  3.939468E-001 -4.811502E-001
  5.000000E-003  0.000000E+000  0.000000E+000  0.000000E+000  6.200441E-001 -5.523445E-001  5.571902E-001 -4.611892E-002 -7.346198E-001 -6.769097E-001  7.832103E-001  3.940169E-001 -4.809702E-001
